Estatísticas dos Dados Normais:
       valorTotalHomologado    anoCompra  sequencialCompra  valorTotalEstimado  unidadeOrgao.codigoIbge     anomalia
count           2119.000000  2119.000000       2119.000000         2119.000000              2119.000000  2119.000000
mean              -0.039760     0.009070         -0.032101           -0.045700                 0.043374     9.962246
std                0.040939     1.002100          0.646912            0.045558                 0.962160     5.966818
min               -0.061002    -0.811685         -0.502918           -0.072377                -3.684605     0.000000
25%               -0.058634    -0.811685         -0.495826           -0.070816                -0.354016     2.500000
50%               -0.054325    -0.811685         -0.441452           -0.065631                 0.587311    11.000000
75%               -0.042445     1.232005          0.363514           -0.044432                 0.593357    14.000000
max                0.585365     1.232005          1.589284            0.672355                 0.675797    23.000000

Estatísticas das Anomalias:
       valorTotalHomologado  anoCompra  sequencialCompra  valorTotalEstimado  unidadeOrgao.codigoIbge  anomalia
count             69.000000  69.000000         69.000000           69.000000                69.000000      69.0
mean               1.221021  -0.278548          0.985830            1.403453                -1.332015      -1.0
std                5.528308   0.903977          4.257150            5.481615                 1.217811       0.0
min               -0.060897  -0.811685         -0.502918           -0.072377                -3.684605      -1.0
25%               -0.054325  -0.811685         -0.493462           -0.060258                -2.115446      -1.0
50%               -0.019551  -0.811685         -0.422540           -0.008827                -1.162680      -1.0
75%                0.065090   1.232005          0.721670            0.173512                -0.360816      -1.0
max               36.919605   1.232005         20.234708           35.769458                 0.675797      -1.0